chrom	length	bases	mean	min	max
chr1	248956422	2764973365	11.11	0	5372
chr2	242193529	2099727820	8.67	0	237492
chr3	198295559	1559318746	7.86	0	9982
chr4	190214555	1259492724	6.62	0	10563
chr5	181538259	1265806200	6.97	0	2085
chr6	170805979	1459934488	8.55	0	4661
chr7	159345973	1291573589	8.11	0	6514
chr8	145138636	984025490	6.78	0	10312
chr9	138394717	1087804290	7.86	0	2665
chr10	133797422	1093066157	8.17	0	3012
chr11	135086622	1386450137	10.26	0	2305
chr12	133275309	1424101709	10.69	0	2177
chr13	114364328	509620495	4.46	0	1653
chr14	107043718	776234157	7.25	0	3334
chr15	101991189	955101530	9.36	0	2371
chr16	90338345	850132733	9.41	0	2149
chr17	83257441	1150081043	13.81	0	3252
chr18	80373285	450501378	5.61	0	2374
chr19	58617616	1089682356	18.59	0	3724
chr20	64444167	518420845	8.04	0	1405
chr21	46709983	249452768	5.34	0	3504
chr22	50818468	380220557	7.48	0	2507
chrX	156040895	1175262213	7.53	0	6660
chrY	57227415	16307880	0.28	0	1688
chrM	16569	1212824	73.20	2	3383
GL000008.2	209709	410146	1.96	0	787
GL000009.2	201709	435930	2.16	0	939
GL000194.1	191469	606941	3.17	0	319
GL000195.1	182896	839751	4.59	0	1938
GL000205.2	185591	1911876	10.30	0	3346
GL000208.1	92689	19258	0.21	0	5
GL000213.1	164239	1742422	10.61	0	909
GL000214.1	137718	344245	2.50	0	691
GL000216.2	176608	414870	2.35	0	326
GL000218.1	161147	741424	4.60	0	486
GL000219.1	179198	359406	2.01	0	387
GL000220.1	161802	611881	3.78	0	1377
GL000221.1	155397	520379	3.35	0	1032
GL000224.1	179693	409738	2.28	0	270
GL000225.1	211173	2193312	10.39	0	1161
GL000226.1	15008	41355	2.76	0	21
KI270302.1	2274	197	0.09	0	1
KI270303.1	1942	228	0.12	0	1
KI270304.1	2165	365	0.17	0	1
KI270310.1	1201	226	0.19	0	1
KI270311.1	12399	552	0.04	0	2
KI270316.1	1444	402	0.28	0	3
KI270317.1	37690	180	0.00	0	1
KI270320.1	4416	651	0.15	0	1
KI270322.1	21476	718	0.03	0	1
KI270329.1	1040	98	0.09	0	1
KI270330.1	1652	4034	2.44	0	12
KI270333.1	2699	22461	8.32	0	42
KI270334.1	1368	210	0.15	0	1
KI270335.1	1048	164	0.16	0	1
KI270336.1	1026	5584	5.44	0	17
KI270337.1	1121	19590	17.48	0	78
KI270338.1	1428	334	0.23	0	1
KI270340.1	1428	621	0.43	0	2
KI270362.1	3530	316	0.09	0	1
KI270363.1	1803	317	0.18	0	2
KI270364.1	2855	288	0.10	0	1
KI270366.1	8320	625	0.08	0	2
KI270371.1	2805	150	0.05	0	1
KI270373.1	1451	101	0.07	0	1
KI270379.1	1045	253	0.24	0	2
KI270385.1	990	82	0.08	0	1
KI270386.1	1788	313	0.18	0	1
KI270387.1	1537	150	0.10	0	1
KI270389.1	1298	483	0.37	0	2
KI270390.1	2387	150	0.06	0	1
KI270395.1	1143	656	0.57	0	2
KI270411.1	2646	1246	0.47	0	3
KI270412.1	1179	592	0.50	0	2
KI270414.1	2489	227	0.09	0	2
KI270418.1	2145	300	0.14	0	1
KI270420.1	2321	484	0.21	0	2
KI270429.1	1361	787	0.58	0	3
KI270435.1	92983	22265	0.24	0	5
KI270438.1	112505	147391	1.31	0	67
KI270442.1	392061	692770	1.77	0	631
KI270448.1	7992	2995	0.37	0	2
KI270465.1	1774	2598	1.46	0	5
KI270466.1	1233	14930	12.11	0	33
KI270467.1	3920	54088	13.80	0	54
KI270468.1	4055	280	0.07	0	1
KI270507.1	5353	674	0.13	0	2
KI270508.1	1951	724	0.37	0	2
KI270509.1	2318	1104	0.48	0	2
KI270510.1	2415	1024	0.42	0	3
KI270511.1	8127	1556	0.19	0	3
KI270512.1	22689	2341	0.10	0	4
KI270515.1	6361	1791	0.28	0	3
KI270516.1	1300	482	0.37	0	1
KI270517.1	3253	1201	0.37	0	2
KI270518.1	2186	738	0.34	0	4
KI270519.1	138126	23001	0.17	0	4
KI270521.1	7642	1268	0.17	0	3
KI270522.1	5674	1176	0.21	0	2
KI270529.1	1899	49	0.03	0	1
KI270530.1	2168	50	0.02	0	1
KI270538.1	91309	19000	0.21	0	4
KI270544.1	1202	1080	0.90	0	3
KI270579.1	31033	5224	0.17	0	3
KI270580.1	1553	1584	1.02	0	3
KI270581.1	7046	2796	0.40	0	4
KI270582.1	6504	1621	0.25	0	2
KI270583.1	1400	2396	1.71	0	5
KI270584.1	4513	2155	0.48	0	2
KI270587.1	2969	1028	0.35	0	2
KI270588.1	6158	2323	0.38	0	3
KI270589.1	44474	10595	0.24	0	4
KI270590.1	4685	2680	0.57	0	3
KI270591.1	5796	4493	0.78	0	9
KI270593.1	3041	534	0.18	0	2
KI270706.1	175055	459476	2.62	0	1092
KI270707.1	32032	11853	0.37	0	5
KI270708.1	127682	47830	0.37	0	93
KI270709.1	66860	78530	1.17	0	25
KI270710.1	40176	8761	0.22	0	9
KI270711.1	42210	6614633	156.71	0	4454
KI270712.1	176043	262185	1.49	0	250
KI270713.1	40745	2997727	73.57	0	1961
KI270714.1	41717	572794	13.73	0	286
KI270715.1	161471	7513	0.05	0	2
KI270716.1	153799	11695	0.08	0	3
KI270717.1	40062	16390	0.41	0	44
KI270718.1	38054	190480	5.01	0	336
KI270719.1	176845	999284	5.65	0	944
KI270720.1	39050	505813	12.95	0	1362
KI270721.1	100316	105369	1.05	0	80
KI270722.1	194050	573595	2.96	0	342
KI270723.1	38115	538204	14.12	0	1807
KI270724.1	39555	87745	2.22	0	170
KI270725.1	172810	110606	0.64	0	322
KI270726.1	43739	2512	0.06	0	3
KI270727.1	448248	2929200	6.53	0	997
KI270728.1	1872759	8494307	4.54	0	1295
KI270729.1	280839	78437	0.28	0	78
KI270730.1	112551	12647	0.11	0	6
KI270731.1	150754	1543862	10.24	0	1212
KI270732.1	41543	188111	4.53	0	404
KI270733.1	179772	669414	3.72	0	732
KI270734.1	165050	2694246	16.32	0	1049
KI270735.1	42811	24703	0.58	0	21
KI270736.1	181920	19667	0.11	0	7
KI270737.1	103838	13663	0.13	0	11
KI270738.1	99375	11902	0.12	0	5
KI270739.1	73985	6653	0.09	0	3
KI270740.1	37240	51	0.00	0	1
KI270741.1	157432	28544	0.18	0	35
KI270742.1	186739	1538814	8.24	0	4125
KI270743.1	210658	67551	0.32	0	36
KI270744.1	168472	1106873	6.57	0	689
KI270745.1	41891	31773	0.76	0	49
KI270746.1	66486	4337514	65.24	0	2391
KI270747.1	198735	15123	0.08	0	2
KI270748.1	93321	14967	0.16	0	3
KI270749.1	158759	65570	0.41	0	154
KI270750.1	148850	308215	2.07	0	564
KI270751.1	150742	370073	2.46	0	707
KI270752.1	27745	1940	0.07	0	11
KI270753.1	62944	12987	0.21	0	5
KI270754.1	40191	8625	0.21	0	3
KI270755.1	36723	2666	0.07	0	2
KI270756.1	79590	4571	0.06	0	3
KI270757.1	71251	20279	0.28	0	8
total	3099704625	25850030511	8.34	0	237492
